{
    "camera_angle_x": 1.215969625262669,
    "camera_angle_y": 0.8161886891333361,
    "fl_x": 919.6413168421406,
    "fl_y": 832.6251491495057,
    "k1": 0.07023349276746764,
    "k2": -0.10073934726076669,
    "k3": 0,
    "k4": 0,
    "p1": 0.0034466283645073585,
    "p2": -0.002015749123639607,
    "is_fisheye": false,
    "cx": 634.3776565984314,
    "cy": 361.3938014576812,
    "w": 1280.0,
    "h": 720.0,
    "aabb_scale": 16,
    "frames": [
        {
            "file_path": "images/0066.jpg",
            "sharpness": 135.6154503037241,
            "transform_matrix": [
                [
                    -0.8348004281823064,
                    0.13150742821738387,
                    -0.5346157886519911,
                    -1.7376372703343061
                ],
                [
                    -0.5502434229488709,
                    -0.23183466766319144,
                    0.8021750821180883,
                    3.4999124425834713
                ],
                [
                    -0.018450491660210983,
                    0.9638249235397391,
                    0.2658967772782713,
                    1.0432616353829989
                ],
                [
                    0.0,
                    0.0,
                    0.0,
                    1.0
                ]
            ]
        },
        {
            "file_path": "images/0016.jpg",
            "sharpness": 185.09241613074403,
            "transform_matrix": [
                [
                    0.8673603678448374,
                    -0.12749762110655363,
                    0.48107208290436176,
                    1.2782575718761415
                ],
                [
                    0.49621524364132075,
                    0.29567220914380016,
                    -0.8163016456667009,
                    -3.597228997680689
                ],
                [
                    -0.03816312758187285,
                    0.9467429964852415,
                    0.3197206192055396,
                    1.3015292792921227
                ],
                [
                    0.0,
                    0.0,
                    0.0,
                    1.0
                ]
            ]
        },
        {
            "file_path": "images/0092.jpg",
            "sharpness": 157.6460881099831,
            "transform_matrix": [
                [
                    -0.509022387714686,
                    -0.26907149279026954,
                    0.8176164997225528,
                    3.3673190355569855
                ],
                [
                    0.8586668833834414,
                    -0.09263772043943205,
                    0.5040926860533763,
                    1.461751632429671
                ],
                [
                    -0.05989484281307378,
                    0.9586546743040423,
                    0.2781974537720761,
                    1.1160392429809736
                ],
                [
                    0.0,
                    0.0,
                    0.0,
                    1.0
                ]
            ]
        },
        {
            "file_path": "images/0041.jpg",
            "sharpness": 183.93919892675618,
            "transform_matrix": [
                [
                    0.5272031301425794,
                    0.2572421364519821,
                    -0.8098662499741482,
                    -3.625409946584025
                ],
                [
                    -0.8496743790409782,
                    0.17136842646866107,
                    -0.4986845816857965,
                    -1.5516445508423715
                ],
                [
                    0.010502817699627909,
                    0.9510306754716247,
                    0.30891802339489893,
                    1.1946872783819447
                ],
                [
                    0.0,
                    0.0,
                    0.0,
                    1.0
                ]
            ]
        },
        {
            "file_path": "images/0079.jpg",
            "sharpness": 74.97891145741025,
            "transform_matrix": [
                [
                    -0.970186351259861,
                    -0.10590236461503097,
                    0.21799801155910936,
                    1.3180036959888524
                ],
                [
                    0.23799479273247298,
                    -0.24634940321849538,
                    0.9395054284921791,
                    3.563183037441142
                ],
                [
                    -0.04579216639557429,
                    0.9633777352347614,
                    0.2642090399600294,
                    1.0478825163425871
                ],
                [
                    0.0,
                    0.0,
                    0.0,
                    1.0
                ]
            ]
        },
        {
            "file_path": "images/0053.jpg",
            "sharpness": 203.61700153638577,
            "transform_matrix": [
                [
                    -0.22571888419013458,
                    0.2764215562011513,
                    -0.9341531505235088,
                    -3.6918711978050753
                ],
                [
                    -0.9741832545255322,
                    -0.05987305538870191,
                    0.2176745365002946,
                    1.3996062353268879
                ],
                [
                    0.004239330801951283,
                    0.9591696098977228,
                    0.28279973049644197,
                    1.0951273164680353
                ],
                [
                    0.0,
                    0.0,
                    0.0,
                    1.0
                ]
            ]
        },
        {
            "file_path": "images/0029.jpg",
            "sharpness": 108.87188582761785,
            "transform_matrix": [
                [
                    0.9666260660970634,
                    0.09188056555147872,
                    -0.23914851047280025,
                    -1.6379350342654078
                ],
                [
                    -0.25603014306376953,
                    0.31333465626314577,
                    -0.9144779707720443,
                    -3.55489484159852
                ],
                [
                    -0.009089236814065815,
                    0.9451874707696456,
                    0.3264016404984456,
                    1.2929335369775774
                ],
                [
                    0.0,
                    0.0,
                    0.0,
                    1.0
                ]
            ]
        },
        {
            "file_path": "images/0005.jpg",
            "sharpness": 242.8354335425059,
            "transform_matrix": [
                [
                    0.383285864143146,
                    -0.2596172194858446,
                    0.8863920384007203,
                    3.159620634447778
                ],
                [
                    0.9220715118030934,
                    0.163276049675946,
                    -0.3508918048680113,
                    -1.933462040972135
                ],
                [
                    -0.053629035774076364,
                    0.9518087155479616,
                    0.3019670438553525,
                    1.2379104763793545
                ],
                [
                    0.0,
                    0.0,
                    0.0,
                    1.0
                ]
            ]
        },
        {
            "file_path": "images/0099.jpg",
            "sharpness": 214.0889963089731,
            "transform_matrix": [
                [
                    -0.07287102793645649,
                    -0.2956871677875733,
                    0.9525013974472433,
                    3.630642099113343
                ],
                [
                    0.9953768441711124,
                    0.03835232813364756,
                    0.08805701002669455,
                    -0.2755265735890915
                ],
                [
                    -0.06256797404128978,
                    0.9545146398972674,
                    0.29152538635943365,
                    1.1716702062758626
                ],
                [
                    0.0,
                    0.0,
                    0.0,
                    1.0
                ]
            ]
        },
        {
            "file_path": "images/0047.jpg",
            "sharpness": 205.5547817766815,
            "transform_matrix": [
                [
                    0.16981603579653848,
                    0.2892841881492174,
                    -0.9420600684239304,
                    -3.9470273184844924
                ],
                [
                    -0.9854139589871064,
                    0.06055347753433189,
                    -0.15903649201366127,
                    -0.12138413133777712
                ],
                [
                    0.011038270711028128,
                    0.9553260882500374,
                    0.29534762862506636,
                    1.1424566637127624
                ],
                [
                    0.0,
                    0.0,
                    0.0,
                    1.0
                ]
            ]
        }
    ]
}