{
    "camera_angle_x": 1.2234714422149477,
    "camera_angle_y": 0.9479280329535943,
    "fl_x": 912.3234340095024,
    "fl_y": 701.8052303741762,
    "k1": 0.05106615939970889,
    "k2": -0.06154441110986435,
    "k3": 0,
    "k4": 0,
    "p1": 0.004479274567244095,
    "p2": -0.0034970401591463075,
    "is_fisheye": false,
    "cx": 636.2852932320576,
    "cy": 359.5565767301901,
    "w": 1280.0,
    "h": 720.0,
    "aabb_scale": 16,
    "frames": [
        {
            "file_path": "images/0106.jpg",
            "sharpness": 152.5525942354733,
            "transform_matrix": [
                [
                    -0.43127054054219743,
                    -0.26097916185526066,
                    0.863652475236142,
                    3.5834363600835126
                ],
                [
                    0.9007068254719155,
                    -0.06907486798887828,
                    0.4289007777572308,
                    1.156175248563496
                ],
                [
                    -0.05227748478294702,
                    0.9628699495432372,
                    0.2648556680444174,
                    1.0752263331789236
                ],
                [
                    0.0,
                    0.0,
                    0.0,
                    1.0
                ]
            ]
        },
        {
            "file_path": "images/0045.jpg",
            "sharpness": 134.89676474394508,
            "transform_matrix": [
                [
                    0.5732220323497261,
                    0.23733862344049952,
                    -0.7842747474552305,
                    -3.5885977625079515
                ],
                [
                    -0.8193932702972819,
                    0.1699359303768456,
                    -0.5474636500797243,
                    -1.772983741870299
                ],
                [
                    0.003342189786237154,
                    0.9564476762652157,
                    0.29188469020862334,
                    1.1213916688189822
                ],
                [
                    0.0,
                    0.0,
                    0.0,
                    1.0
                ]
            ]
        },
        {
            "file_path": "images/0075.jpg",
            "sharpness": 176.89708875805778,
            "transform_matrix": [
                [
                    -0.8549529337970196,
                    0.11276154016053241,
                    -0.506300618305213,
                    -1.617700293915067
                ],
                [
                    -0.5182529378898706,
                    -0.22646485539408442,
                    0.824698467101757,
                    3.6055183115790976
                ],
                [
                    -0.02166502699200132,
                    0.967470156838687,
                    0.2520557919902731,
                    0.9894481436122924
                ],
                [
                    0.0,
                    0.0,
                    0.0,
                    1.0
                ]
            ]
        },
        {
            "file_path": "images/0016.jpg",
            "sharpness": 171.80044811864664,
            "transform_matrix": [
                [
                    0.8220206642753123,
                    -0.14095902295946258,
                    0.5517359707273366,
                    1.5079171318675628
                ],
                [
                    0.5683984059320482,
                    0.2621659816320129,
                    -0.7798668156864758,
                    -3.3563181726290625
                ],
                [
                    -0.034717137989750846,
                    0.9546724841336585,
                    0.295626738323434,
                    1.1720175921177785
                ],
                [
                    0.0,
                    0.0,
                    0.0,
                    1.0
                ]
            ]
        },
        {
            "file_path": "images/0060.jpg",
            "sharpness": 207.1279102812768,
            "transform_matrix": [
                [
                    -0.204242045946146,
                    0.25977543587781315,
                    -0.9438230287643825,
                    -3.7456790276853056
                ],
                [
                    -0.9789201143719933,
                    -0.054960135614894934,
                    0.19670992138488827,
                    1.3178126153947838
                ],
                [
                    -0.0007722360881016604,
                    0.9641037840665059,
                    0.26552456994400714,
                    1.021965025340189
                ],
                [
                    0.0,
                    0.0,
                    0.0,
                    1.0
                ]
            ]
        },
        {
            "file_path": "images/0090.jpg",
            "sharpness": 86.3167908710892,
            "transform_matrix": [
                [
                    -0.9662103570059514,
                    -0.104157944097556,
                    0.2357724936025201,
                    1.4205065166423325
                ],
                [
                    0.2540962571760308,
                    -0.23133072737281699,
                    0.93910658961719,
                    3.586555616127997
                ],
                [
                    -0.04327398922341982,
                    0.9672834213901271,
                    0.24998028843167514,
                    1.0049188581065416
                ],
                [
                    0.0,
                    0.0,
                    0.0,
                    1.0
                ]
            ]
        },
        {
            "file_path": "images/0030.jpg",
            "sharpness": 100.90084837508968,
            "transform_matrix": [
                [
                    0.9874073191578564,
                    0.05810302987316607,
                    -0.14714218986001448,
                    -1.2585626857846348
                ],
                [
                    -0.15777449917975167,
                    0.29362476850345465,
                    -0.9428105338454829,
                    -3.6346717449823513
                ],
                [
                    -0.011575557178021667,
                    0.9541533070115321,
                    0.2990944219454075,
                    1.1709043206314897
                ],
                [
                    0.0,
                    0.0,
                    0.0,
                    1.0
                ]
            ]
        },
        {
            "file_path": "images/0006.jpg",
            "sharpness": 216.85644524240374,
            "transform_matrix": [
                [
                    0.398455328345353,
                    -0.24124069338394138,
                    0.8848933716626994,
                    2.967865951223302
                ],
                [
                    0.9158507065510099,
                    0.15672506365615438,
                    -0.36966841592449307,
                    -1.9439910921307073
                ],
                [
                    -0.04950590502297775,
                    0.957726569705689,
                    0.2833883961835976,
                    1.134713863467829
                ],
                [
                    0.0,
                    0.0,
                    0.0,
                    1.0
                ]
            ]
        },
        {
            "file_path": "images/0098.jpg",
            "sharpness": 123.09681082059015,
            "transform_matrix": [
                [
                    -0.7768218853278713,
                    -0.19927836420575892,
                    0.5973574240593955,
                    2.7650805011865054
                ],
                [
                    0.6276099274378784,
                    -0.16740738932447252,
                    0.7603160822849396,
                    2.6412618151752296
                ],
                [
                    -0.051512498301698684,
                    0.965537622054083,
                    0.25511480349196913,
                    1.03481838085461
                ],
                [
                    0.0,
                    0.0,
                    0.0,
                    1.0
                ]
            ]
        },
        {
            "file_path": "images/0118.jpg",
            "sharpness": 247.46399765606992,
            "transform_matrix": [
                [
                    -0.03602294012375985,
                    -0.2777774215325549,
                    0.9599698182314449,
                    3.689629406811508
                ],
                [
                    0.9977606183551709,
                    0.044174261010348534,
                    0.05022333246440676,
                    -0.4376603679328643
                ],
                [
                    -0.056356865105347854,
                    0.9596292715390885,
                    0.2755640851140397,
                    1.1293009627114066
                ],
                [
                    0.0,
                    0.0,
                    0.0,
                    1.0
                ]
            ]
        }
    ]
}