{
    "camera_angle_x": 1.222411627627083,
    "camera_angle_y": 0.8423335552817103,
    "fl_x": 913.3525081892764,
    "fl_y": 803.6203253814822,
    "k1": 0.060926195104438224,
    "k2": -0.08797087564286298,
    "k3": 0,
    "k4": 0,
    "p1": 0.0044886572593491126,
    "p2": -0.0025885034265875273,
    "is_fisheye": false,
    "cx": 634.398209036221,
    "cy": 363.3432270916637,
    "w": 1280.0,
    "h": 720.0,
    "aabb_scale": 16,
    "frames": [
        {
            "file_path": "images/0008.jpg",
            "sharpness": 197.96402117896838,
            "transform_matrix": [
                [
                    0.5600173184372358,
                    -0.23576636787259703,
                    0.7942259268479157,
                    2.7054262170138714
                ],
                [
                    0.8266517971869809,
                    0.2226830712121156,
                    -0.5167775691757847,
                    -2.542448184805156
                ],
                [
                    -0.05502189814417849,
                    0.9459526783196618,
                    0.3196030681197062,
                    1.3020631464135173
                ],
                [
                    0.0,
                    0.0,
                    0.0,
                    1.0
                ]
            ]
        },
        {
            "file_path": "images/0059.jpg",
            "sharpness": 144.51934815503813,
            "transform_matrix": [
                [
                    -0.5621542861902147,
                    0.23319911543260757,
                    -0.7934738377075328,
                    -2.944087189977788
                ],
                [
                    -0.8270306052210789,
                    -0.16049880245270845,
                    0.5387583061439164,
                    2.610520773398581
                ],
                [
                    -0.0017136403048824966,
                    0.959092439245735,
                    0.2830878953004359,
                    1.1030568297507228
                ],
                [
                    0.0,
                    0.0,
                    0.0,
                    1.0
                ]
            ]
        },
        {
            "file_path": "images/0034.jpg",
            "sharpness": 120.14504823293684,
            "transform_matrix": [
                [
                    0.8204213562933762,
                    0.19195187262162633,
                    -0.5385752285258663,
                    -2.741946941912408
                ],
                [
                    -0.5717593122564673,
                    0.2759189621475307,
                    -0.7726318755886274,
                    -2.8029747224395614
                ],
                [
                    0.0002949827268297067,
                    0.9418190935462353,
                    0.3361200798286197,
                    1.3230939835027786
                ],
                [
                    0.0,
                    0.0,
                    0.0,
                    1.0
                ]
            ]
        },
        {
            "file_path": "images/0084.jpg",
            "sharpness": 97.8215201707522,
            "transform_matrix": [
                [
                    -0.8483652272111949,
                    -0.1928485051224207,
                    0.4930374178273343,
                    2.3387034092486343
                ],
                [
                    0.526588199021023,
                    -0.21133581775805824,
                    0.823433082153302,
                    2.901828391571608
                ],
                [
                    -0.05460137307975052,
                    0.9581996797378725,
                    0.2808417060464908,
                    1.1204157249011841
                ],
                [
                    0.0,
                    0.0,
                    0.0,
                    1.0
                ]
            ]
        },
        {
            "file_path": "images/0096.jpg",
            "sharpness": 193.409907731373,
            "transform_matrix": [
                [
                    -0.2215094867565759,
                    -0.30443119261735135,
                    0.9264206367980561,
                    3.663717643306908
                ],
                [
                    0.9731823907059012,
                    -0.00856653124142278,
                    0.2298752900217751,
                    0.30248616691282426
                ],
                [
                    -0.06204499736675915,
                    0.9524958076291583,
                    0.2981646437753744,
                    1.205497205730261
                ],
                [
                    0.0,
                    0.0,
                    0.0,
                    1.0
                ]
            ]
        },
        {
            "file_path": "images/0047.jpg",
            "sharpness": 177.5774829030626,
            "transform_matrix": [
                [
                    0.17133757416115342,
                    0.3039506671658517,
                    -0.9371538975306587,
                    -3.941788886458629
                ],
                [
                    -0.9851525056212229,
                    0.06334356593876778,
                    -0.1595685850114141,
                    -0.10964847013166197
                ],
                [
                    0.01086169183007625,
                    0.9505796045732077,
                    0.31029089427034695,
                    1.2087626783618413
                ],
                [
                    0.0,
                    0.0,
                    0.0,
                    1.0
                ]
            ]
        },
        {
            "file_path": "images/0072.jpg",
            "sharpness": 103.6094855034722,
            "transform_matrix": [
                [
                    -0.9795497343621161,
                    0.026249789125213974,
                    -0.19948249679831384,
                    -0.3128243874283388
                ],
                [
                    -0.19896079796667052,
                    -0.27394913399870613,
                    0.9409391440757384,
                    3.8234126566513496
                ],
                [
                    -0.029948603134150265,
                    0.9613858853736832,
                    0.2735694804279739,
                    1.0674843482003376
                ],
                [
                    0.0,
                    0.0,
                    0.0,
                    1.0
                ]
            ]
        },
        {
            "file_path": "images/0025.jpg",
            "sharpness": 89.804817157491,
            "transform_matrix": [
                [
                    0.9978970150508858,
                    0.04062632333378513,
                    -0.050507912764350314,
                    -0.9236634368786298
                ],
                [
                    -0.06127247840217891,
                    0.33699673773151856,
                    -0.9395099159396495,
                    -3.722003881430902
                ],
                [
                    -0.021147831789047278,
                    0.9406288857208777,
                    0.33877731418319784,
                    1.354936049183106
                ],
                [
                    0.0,
                    0.0,
                    0.0,
                    1.0
                ]
            ]
        },
        {
            "file_path": "images/0015.jpg",
            "sharpness": 161.7847156665755,
            "transform_matrix": [
                [
                    0.85975456351834,
                    -0.13581617972067694,
                    0.49231702782086423,
                    1.3219069355337694
                ],
                [
                    0.5090521974831363,
                    0.30544954572030003,
                    -0.8047151267728295,
                    -3.488536995683279
                ],
                [
                    -0.04108467821652528,
                    0.9424725674457569,
                    0.3317491655982071,
                    1.3379512982794344
                ],
                [
                    0.0,
                    0.0,
                    0.0,
                    1.0
                ]
            ]
        },
        {
            "file_path": "images/0090.jpg",
            "sharpness": 151.4431267320373,
            "transform_matrix": [
                [
                    -0.568907391595275,
                    -0.2701784359364554,
                    0.7767547827918999,
                    3.255716644258096
                ],
                [
                    0.8202719626462415,
                    -0.11848838540658888,
                    0.5595662693733255,
                    1.6940862855555334
                ],
                [
                    -0.05914631939222453,
                    0.9554915569094445,
                    0.28902871418628634,
                    1.161263026268578
                ],
                [
                    0.0,
                    0.0,
                    0.0,
                    1.0
                ]
            ]
        }
    ]
}