{
    "camera_angle_x": 1.2152264427621648,
    "camera_angle_y": 0.7963214193842937,
    "fl_x": 920.3705709771784,
    "fl_y": 855.8655186882082,
    "k1": 0.05980218092526784,
    "k2": -0.084128547137835,
    "k3": 0,
    "k4": 0,
    "p1": 0.004236235944843523,
    "p2": -0.002175400927739004,
    "is_fisheye": false,
    "cx": 635.0171947731284,
    "cy": 363.1282954409534,
    "w": 1280.0,
    "h": 720.0,
    "aabb_scale": 16,
    "frames": [
        {
            "file_path": "images/0034.jpg",
            "sharpness": 82.94791605291952,
            "transform_matrix": [
                [
                    0.9100870332126655,
                    0.13292016416558594,
                    -0.39252238405124684,
                    -2.2036868927150106
                ],
                [
                    -0.41441137772099934,
                    0.2868888084874272,
                    -0.8636886137840136,
                    -3.255311502676031
                ],
                [
                    -0.0021913532670119196,
                    0.9486975500992609,
                    0.3161774129370012,
                    1.232686295868009
                ],
                [
                    0.0,
                    0.0,
                    0.0,
                    1.0
                ]
            ]
        },
        {
            "file_path": "images/0089.jpg",
            "sharpness": 50.74724173233128,
            "transform_matrix": [
                [
                    -0.9206834181404767,
                    -0.14518504649522812,
                    0.36230283725118506,
                    1.8759848906180763
                ],
                [
                    0.38734967214253807,
                    -0.2257603836968701,
                    0.8938637931162744,
                    3.340661027215501
                ],
                [
                    -0.04798202881169508,
                    0.9633034576238613,
                    0.26409122190266576,
                    1.0577623444889475
                ],
                [
                    0.0,
                    0.0,
                    0.0,
                    1.0
                ]
            ]
        },
        {
            "file_path": "images/0005.jpg",
            "sharpness": 204.80628510849454,
            "transform_matrix": [
                [
                    0.393979717062858,
                    -0.25275048011745216,
                    0.8836838673351346,
                    3.0930894839288126
                ],
                [
                    0.9177402599937832,
                    0.16082333397248036,
                    -0.36316479790395845,
                    -1.9266402825115287
                ],
                [
                    -0.050326908690548386,
                    0.9540718264858502,
                    0.29532042295212724,
                    1.1971906799502854
                ],
                [
                    0.0,
                    0.0,
                    0.0,
                    1.0
                ]
            ]
        },
        {
            "file_path": "images/0061.jpg",
            "sharpness": 149.6721483419336,
            "transform_matrix": [
                [
                    -0.40117328529860025,
                    0.2453228294578532,
                    -0.8825399166918366,
                    -3.3687756186520352
                ],
                [
                    -0.9160020593576228,
                    -0.10694577406869608,
                    0.386655956454243,
                    2.0142158695700676
                ],
                [
                    0.0004716187269563771,
                    0.963524421486048,
                    0.267620004522773,
                    1.040835921889639
                ],
                [
                    0.0,
                    0.0,
                    0.0,
                    1.0
                ]
            ]
        },
        {
            "file_path": "images/0075.jpg",
            "sharpness": 90.40136279330312,
            "transform_matrix": [
                [
                    -0.9274963378130737,
                    0.07365761587867442,
                    -0.3665038867615429,
                    -1.0234376795016806
                ],
                [
                    -0.3729884186378753,
                    -0.2481709344884118,
                    0.8940306632533744,
                    3.7778075179360893
                ],
                [
                    -0.025103444893573523,
                    0.9659118712079215,
                    0.2576510705568731,
                    1.0189027589202313
                ],
                [
                    0.0,
                    0.0,
                    0.0,
                    1.0
                ]
            ]
        },
        {
            "file_path": "images/0047.jpg",
            "sharpness": 134.01112228011027,
            "transform_matrix": [
                [
                    0.36460748029313567,
                    0.26914855023760953,
                    -0.891414854747325,
                    -3.8384653981933607
                ],
                [
                    -0.9310791456440297,
                    0.11809622125888265,
                    -0.3451737346196252,
                    -0.9051671699685785
                ],
                [
                    0.012369715666721334,
                    0.9558307070155704,
                    0.29365736787190505,
                    1.138305126588043
                ],
                [
                    0.0,
                    0.0,
                    0.0,
                    1.0
                ]
            ]
        },
        {
            "file_path": "images/0103.jpg",
            "sharpness": 151.86593408273646,
            "transform_matrix": [
                [
                    -0.3532232496004038,
                    -0.2789917378992639,
                    0.8929708540431718,
                    3.610839932689047
                ],
                [
                    0.9338736695191022,
                    -0.048221155604837994,
                    0.354336971724888,
                    0.827241052937883
                ],
                [
                    -0.055797001040087967,
                    0.9590820248451348,
                    0.27757587131972483,
                    1.1194286987028998
                ],
                [
                    0.0,
                    0.0,
                    0.0,
                    1.0
                ]
            ]
        },
        {
            "file_path": "images/0016.jpg",
            "sharpness": 159.2775008519196,
            "transform_matrix": [
                [
                    0.8460223418860328,
                    -0.13656321448613057,
                    0.5153607333934164,
                    1.4119536611979833
                ],
                [
                    0.5318916306767473,
                    0.28250160606400976,
                    -0.7983007802748217,
                    -3.470563586586258
                ],
                [
                    -0.03657171420485025,
                    0.9494963565289409,
                    0.3116395011923254,
                    1.2517771782890543
                ],
                [
                    0.0,
                    0.0,
                    0.0,
                    1.0
                ]
            ]
        },
        {
            "file_path": "images/0025.jpg",
            "sharpness": 83.48784825185027,
            "transform_matrix": [
                [
                    0.9982083444057657,
                    0.0003182893646654916,
                    0.059833100333285205,
                    -0.4661156579889061
                ],
                [
                    0.05664595147275833,
                    0.3170282742835523,
                    -0.9467229317422506,
                    -3.8094772580326617
                ],
                [
                    -0.01927011638415449,
                    0.9484160332033487,
                    0.3164422389984966,
                    1.2575827308414513
                ],
                [
                    0.0,
                    0.0,
                    0.0,
                    1.0
                ]
            ]
        },
        {
            "file_path": "images/0054.jpg",
            "sharpness": 215.6593020222793,
            "transform_matrix": [
                [
                    -0.0177605750816709,
                    0.28157427135708313,
                    -0.9593750526918067,
                    -3.892856776763008
                ],
                [
                    -0.9998106462740844,
                    0.0026297616223679952,
                    0.019280973806028334,
                    0.5952288429831457
                ],
                [
                    0.007951953845513577,
                    0.9595358326339603,
                    0.28147424814093924,
                    1.0903101112668574
                ],
                [
                    0.0,
                    0.0,
                    0.0,
                    1.0
                ]
            ]
        }
    ]
}