{
    "camera_angle_x": 1.2257079674840174,
    "camera_angle_y": 0.8359605107970932,
    "fl_x": 910.1568736087338,
    "fl_y": 810.5329846074313,
    "k1": 0.05949186815547184,
    "k2": -0.08891737310579244,
    "k3": 0,
    "k4": 0,
    "p1": 0.00218429738070389,
    "p2": -0.002106092628740813,
    "is_fisheye": false,
    "cx": 638.0603959443993,
    "cy": 364.15077180745305,
    "w": 1280.0,
    "h": 720.0,
    "aabb_scale": 16,
    "frames": [
        {
            "file_path": "images/0092.jpg",
            "sharpness": 137.72331268872748,
            "transform_matrix": [
                [
                    -0.8706567188390162,
                    -0.1807506294475635,
                    0.45747796443296884,
                    2.236157409962086
                ],
                [
                    0.48934600545846924,
                    -0.22378945187920016,
                    0.8428871621810375,
                    3.0901064383426884
                ],
                [
                    -0.049973642210226765,
                    0.957730385456617,
                    0.2832933883881955,
                    1.1427072760700137
                ],
                [
                    0.0,
                    0.0,
                    0.0,
                    1.0
                ]
            ]
        },
        {
            "file_path": "images/0036.jpg",
            "sharpness": 138.94450193166722,
            "transform_matrix": [
                [
                    0.8621345550155374,
                    0.16878977634939835,
                    -0.47773844360175316,
                    -2.4788980087975063
                ],
                [
                    -0.5066745537014938,
                    0.29132126238103534,
                    -0.8114264099203737,
                    -2.982697406170825
                ],
                [
                    0.002214884223558672,
                    0.9416166595425219,
                    0.33667961151064507,
                    1.30464020517994
                ],
                [
                    0.0,
                    0.0,
                    0.0,
                    1.0
                ]
            ]
        },
        {
            "file_path": "images/0064.jpg",
            "sharpness": 166.61397020517865,
            "transform_matrix": [
                [
                    -0.5161041747584505,
                    0.24438627273668914,
                    -0.8209213303001153,
                    -3.054351129335896
                ],
                [
                    -0.8565256669110574,
                    -0.14782977851712847,
                    0.4944796644011759,
                    2.425826327653726
                ],
                [
                    -0.000512576311160251,
                    0.9583432090474243,
                    0.28561868108600763,
                    1.1107154728560575
                ],
                [
                    0.0,
                    0.0,
                    0.0,
                    1.0
                ]
            ]
        },
        {
            "file_path": "images/0008.jpg",
            "sharpness": 221.39839275538,
            "transform_matrix": [
                [
                    0.5012468844261263,
                    -0.2539183281469322,
                    0.8272103985873928,
                    2.7233222746371832
                ],
                [
                    0.8637353679449883,
                    0.20436320013135023,
                    -0.4606483437429959,
                    -2.2644783731840072
                ],
                [
                    -0.05208430693037444,
                    0.945389425109034,
                    0.32175465794715885,
                    1.283710899584957
                ],
                [
                    0.0,
                    0.0,
                    0.0,
                    1.0
                ]
            ]
        },
        {
            "file_path": "images/0106.jpg",
            "sharpness": 186.21522771368615,
            "transform_matrix": [
                [
                    -0.2513667302097038,
                    -0.3045833794168848,
                    0.918718527065617,
                    3.708663064119866
                ],
                [
                    0.9663078789995239,
                    -0.024689651122776102,
                    0.25620207671100725,
                    0.46838578495041455
                ],
                [
                    -0.05535205442498171,
                    0.9521656295821248,
                    0.30052747621558773,
                    1.2192540362806998
                ],
                [
                    0.0,
                    0.0,
                    0.0,
                    1.0
                ]
            ]
        },
        {
            "file_path": "images/0078.jpg",
            "sharpness": 111.21380627772952,
            "transform_matrix": [
                [
                    -0.9667173410673797,
                    0.045319629073364176,
                    -0.25180094071947456,
                    -0.5433568681703633
                ],
                [
                    -0.2544000553047707,
                    -0.27478793830098436,
                    0.9272390203315317,
                    3.8752794495158036
                ],
                [
                    -0.027169732898778276,
                    0.9604362135136487,
                    0.2771715812143706,
                    1.102166174201974
                ],
                [
                    0.0,
                    0.0,
                    0.0,
                    1.0
                ]
            ]
        },
        {
            "file_path": "images/0050.jpg",
            "sharpness": 178.4616264870431,
            "transform_matrix": [
                [
                    0.24729167115429065,
                    0.30078957607789314,
                    -0.921071365501905,
                    -3.864245974358366
                ],
                [
                    -0.9688471464787813,
                    0.08999624311371293,
                    -0.23072902501743325,
                    -0.45019668818912434
                ],
                [
                    0.013492076910929629,
                    0.9494347303501971,
                    0.3136744438308273,
                    1.2100610088054273
                ],
                [
                    0.0,
                    0.0,
                    0.0,
                    1.0
                ]
            ]
        },
        {
            "file_path": "images/0025.jpg",
            "sharpness": 126.32849286609111,
            "transform_matrix": [
                [
                    0.9965613048358383,
                    -0.008278761146688296,
                    0.08244408932550595,
                    -0.38054511487748394
                ],
                [
                    0.08033565777172294,
                    0.3402068915619002,
                    -0.9369127243368665,
                    -3.7502444129511714
                ],
                [
                    -0.020291570697004047,
                    0.9403141672278034,
                    0.3397021034913261,
                    1.3395245871094323
                ],
                [
                    0.0,
                    0.0,
                    0.0,
                    1.0
                ]
            ]
        },
        {
            "file_path": "images/0099.jpg",
            "sharpness": 158.9586541781531,
            "transform_matrix": [
                [
                    -0.600553189506984,
                    -0.26448731852887036,
                    0.754574267356992,
                    3.2558026264441984
                ],
                [
                    0.7976868462034942,
                    -0.1331959839926085,
                    0.5881789908202426,
                    1.894146292181034
                ],
                [
                    -0.05505962206094686,
                    0.9551467364924071,
                    0.2909693279943959,
                    1.183679686328264
                ],
                [
                    0.0,
                    0.0,
                    0.0,
                    1.0
                ]
            ]
        },
        {
            "file_path": "images/0057.jpg",
            "sharpness": 198.9636260265775,
            "transform_matrix": [
                [
                    -0.15540911789130932,
                    0.29446687922177706,
                    -0.9429407527329475,
                    -3.717653627803371
                ],
                [
                    -0.9878132256110401,
                    -0.038065953145852566,
                    0.1509172439423863,
                    1.0990614134959695
                ],
                [
                    0.00854619133161879,
                    0.9549032622729087,
                    0.29679407399976887,
                    1.1495631291297532
                ],
                [
                    0.0,
                    0.0,
                    0.0,
                    1.0
                ]
            ]
        }
    ]
}