{
    "camera_angle_x": 1.216848266937883,
    "camera_angle_y": 0.8667093935563821,
    "fl_x": 918.7801462260792,
    "fl_y": 778.0627854559638,
    "k1": 0.07176513821986727,
    "k2": -0.09425691786572778,
    "k3": 0,
    "k4": 0,
    "p1": 0.006272089841377183,
    "p2": -0.002635018025201147,
    "is_fisheye": false,
    "cx": 635.456717421179,
    "cy": 366.4307079138976,
    "w": 1280.0,
    "h": 720.0,
    "aabb_scale": 16,
    "frames": [
        {
            "file_path": "images/0006.jpg",
            "sharpness": 234.4888118484391,
            "transform_matrix": [
                [
                    0.3923169382829641,
                    -0.28160435424912966,
                    0.8756634100224723,
                    3.054391010994367
                ],
                [
                    0.9184991663323708,
                    0.17112656724479347,
                    -0.35647577677860864,
                    -1.9039182327846809
                ],
                [
                    -0.04946414249381881,
                    0.9441475974112268,
                    0.3257892155337422,
                    1.3177847484405698
                ],
                [
                    0.0,
                    0.0,
                    0.0,
                    1.0
                ]
            ]
        },
        {
            "file_path": "images/0063.jpg",
            "sharpness": 202.51147507560518,
            "transform_matrix": [
                [
                    -0.428290204444085,
                    0.26290404930387623,
                    -0.8645513065659207,
                    -3.2827476692389688
                ],
                [
                    -0.9036074388660011,
                    -0.13287724629216627,
                    0.4072311798524216,
                    2.1115555401730126
                ],
                [
                    -0.007816470708777251,
                    0.9556281171692871,
                    0.2944720776394158,
                    1.1447687432396056
                ],
                [
                    0.0,
                    0.0,
                    0.0,
                    1.0
                ]
            ]
        },
        {
            "file_path": "images/0035.jpg",
            "sharpness": 151.21293157703616,
            "transform_matrix": [
                [
                    0.8992733672787775,
                    0.15329282470048344,
                    -0.40964462750829345,
                    -2.257579576795913
                ],
                [
                    -0.4373636074368919,
                    0.3054633982753957,
                    -0.8458162845464696,
                    -3.158843421346898
                ],
                [
                    -0.0045261274318542655,
                    0.9397837103574974,
                    0.341739801552728,
                    1.3391680538929995
                ],
                [
                    0.0,
                    0.0,
                    0.0,
                    1.0
                ]
            ]
        },
        {
            "file_path": "images/0091.jpg",
            "sharpness": 88.16903204564224,
            "transform_matrix": [
                [
                    -0.9081165686857753,
                    -0.16842856795436809,
                    0.38334855578596766,
                    1.9732001339258676
                ],
                [
                    0.41526695906281585,
                    -0.24498591917446175,
                    0.8760908926116772,
                    3.2093084387429034
                ],
                [
                    -0.053643736137021114,
                    0.9547846442777351,
                    0.2924185915307581,
                    1.1642583289223327
                ],
                [
                    0.0,
                    0.0,
                    0.0,
                    1.0
                ]
            ]
        },
        {
            "file_path": "images/0077.jpg",
            "sharpness": 110.81770702955339,
            "transform_matrix": [
                [
                    -0.9401563925258023,
                    0.0680160666890835,
                    -0.33388586719564606,
                    -0.8523062284214795
                ],
                [
                    -0.3391546278687255,
                    -0.28129986928327766,
                    0.8976884325514042,
                    3.7810009912087614
                ],
                [
                    -0.03286481450323375,
                    0.9572064553990358,
                    0.28753383411037636,
                    1.1323842152996102
                ],
                [
                    0.0,
                    0.0,
                    0.0,
                    1.0
                ]
            ]
        },
        {
            "file_path": "images/0049.jpg",
            "sharpness": 180.912667097751,
            "transform_matrix": [
                [
                    0.3389442294399285,
                    0.29737431871147574,
                    -0.8925723074060894,
                    -3.8438707396166873
                ],
                [
                    -0.9407696948697596,
                    0.1155189717486157,
                    -0.3187597031949948,
                    -0.8044839097154571
                ],
                [
                    0.008318085592556965,
                    0.9477467392635521,
                    0.3189152359413252,
                    1.2392244491374562
                ],
                [
                    0.0,
                    0.0,
                    0.0,
                    1.0
                ]
            ]
        },
        {
            "file_path": "images/0021.jpg",
            "sharpness": 146.4151025887372,
            "transform_matrix": [
                [
                    0.9534755741562366,
                    -0.07994880204956467,
                    0.2906759683672645,
                    0.4798877383308575
                ],
                [
                    0.30044236545721875,
                    0.33155062843186023,
                    -0.894320169640084,
                    -3.6853712959901355
                ],
                [
                    -0.024873973770717983,
                    0.9400438127449107,
                    0.34014543300917116,
                    1.358086040295332
                ],
                [
                    0.0,
                    0.0,
                    0.0,
                    1.0
                ]
            ]
        },
        {
            "file_path": "images/0104.jpg",
            "sharpness": 164.73536565591203,
            "transform_matrix": [
                [
                    -0.4033843798988419,
                    -0.3011958175340321,
                    0.8640382639684457,
                    3.542758619279861
                ],
                [
                    0.9131885939498271,
                    -0.07262677656021024,
                    0.40101364466383216,
                    1.0176134881390493
                ],
                [
                    -0.0580313186101165,
                    0.950792527775889,
                    0.30434509234426355,
                    1.2258604327303966
                ],
                [
                    0.0,
                    0.0,
                    0.0,
                    1.0
                ]
            ]
        },
        {
            "file_path": "images/0056.jpg",
            "sharpness": 220.99152124866907,
            "transform_matrix": [
                [
                    -0.04504837150335618,
                    0.3063057821073632,
                    -0.9508666636918472,
                    -3.8566194705271464
                ],
                [
                    -0.9989785816320197,
                    -0.010452265303606767,
                    0.04396070507465221,
                    0.6859091302978174
                ],
                [
                    0.0035267075126198463,
                    0.9518757891898049,
                    0.30646377328574886,
                    1.1899304238006165
                ],
                [
                    0.0,
                    0.0,
                    0.0,
                    1.0
                ]
            ]
        },
        {
            "file_path": "images/0070.jpg",
            "sharpness": 153.87109796820283,
            "transform_matrix": [
                [
                    -0.7377889839112874,
                    0.1820710288231958,
                    -0.6500135042677075,
                    -2.247911099555965
                ],
                [
                    -0.6747483992992801,
                    -0.2267960360267401,
                    0.702337636529451,
                    3.168525289492599
                ],
                [
                    -0.01954515006759769,
                    0.956772542745271,
                    0.29017975223250114,
                    1.1338430054371422
                ],
                [
                    0.0,
                    0.0,
                    0.0,
                    1.0
                ]
            ]
        }
    ]
}