{
    "camera_angle_x": 1.2084241837444267,
    "camera_angle_y": 0.8679412651041792,
    "fl_x": 927.0817628438748,
    "fl_y": 776.8069528528463,
    "k1": 0.07491871568906953,
    "k2": -0.09373712565116772,
    "k3": 0,
    "k4": 0,
    "p1": 0.005566012208300006,
    "p2": -0.0035409509630380674,
    "is_fisheye": false,
    "cx": 633.8080549435762,
    "cy": 366.35964858753636,
    "w": 1280.0,
    "h": 720.0,
    "aabb_scale": 16,
    "frames": [
        {
            "file_path": "images/0049.jpg",
            "sharpness": 229.7531934608695,
            "transform_matrix": [
                [
                    0.029913593180508985,
                    0.3177357832823471,
                    -0.9477073118919663,
                    -3.92122947610969
                ],
                [
                    -0.9994479382699812,
                    0.023220852845972986,
                    -0.023761537854132982,
                    0.43381132723137344
                ],
                [
                    0.014456681188419876,
                    0.9478949119305244,
                    0.31825499266147844,
                    1.2301166111849735
                ],
                [
                    0.0,
                    0.0,
                    0.0,
                    1.0
                ]
            ]
        },
        {
            "file_path": "images/0100.jpg",
            "sharpness": 231.87841153601065,
            "transform_matrix": [
                [
                    -0.043358071293060865,
                    -0.32091917976164575,
                    0.9461136072181668,
                    3.590039213075779
                ],
                [
                    0.996623552352363,
                    0.05219842407630358,
                    0.06337838291335386,
                    -0.39284711961888374
                ],
                [
                    -0.0697249779531082,
                    0.945667068599474,
                    0.3175723899595721,
                    1.2890554653886885
                ],
                [
                    0.0,
                    0.0,
                    0.0,
                    1.0
                ]
            ]
        },
        {
            "file_path": "images/0075.jpg",
            "sharpness": 78.79832657594564,
            "transform_matrix": [
                [
                    -0.9988086320613189,
                    -0.028951689430410765,
                    -0.03928251834385009,
                    0.32159026532855
                ],
                [
                    -0.029376940816083483,
                    -0.2860455656494717,
                    0.9577655922618888,
                    3.8306640417708397
                ],
                [
                    -0.038965522154101984,
                    0.9577785412589903,
                    0.2848542680666322,
                    1.1274962307688858
                ],
                [
                    0.0,
                    0.0,
                    0.0,
                    1.0
                ]
            ]
        },
        {
            "file_path": "images/0025.jpg",
            "sharpness": 109.72808580928384,
            "transform_matrix": [
                [
                    0.9995700171650728,
                    0.027603201370221042,
                    -0.009891618029658732,
                    -0.7573731452124336
                ],
                [
                    -0.019114873469162318,
                    0.35760636233255755,
                    -0.9336767702110501,
                    -3.7068743837330564
                ],
                [
                    -0.022235162361663785,
                    0.9334643822535312,
                    0.35798022943662927,
                    1.421633008930715
                ],
                [
                    0.0,
                    0.0,
                    0.0,
                    1.0
                ]
            ]
        },
        {
            "file_path": "images/0062.jpg",
            "sharpness": 153.2375474318504,
            "transform_matrix": [
                [
                    -0.6808036569219722,
                    0.2097323827082992,
                    -0.701796771447178,
                    -2.5338450519568383
                ],
                [
                    -0.7324227739151797,
                    -0.20533214074180503,
                    0.6491498996603063,
                    3.0206461955699426
                ],
                [
                    -0.007953678256326813,
                    0.9559555636473274,
                    0.29340364582369044,
                    1.141187441306955
                ],
                [
                    0.0,
                    0.0,
                    0.0,
                    1.0
                ]
            ]
        },
        {
            "file_path": "images/0011.jpg",
            "sharpness": 200.48144846937274,
            "transform_matrix": [
                [
                    0.6851868727060415,
                    -0.21611595046540297,
                    0.6955665643734349,
                    2.2087076350467036
                ],
                [
                    0.7263099589185489,
                    0.274455424134592,
                    -0.63019684523095,
                    -2.9007887670839447
                ],
                [
                    -0.054706426251566936,
                    0.9369995283681934,
                    0.3450204208641613,
                    1.395397913545281
                ],
                [
                    0.0,
                    0.0,
                    0.0,
                    1.0
                ]
            ]
        },
        {
            "file_path": "images/0088.jpg",
            "sharpness": 117.263368049452,
            "transform_matrix": [
                [
                    -0.7446940220747944,
                    -0.2397096127053659,
                    0.6228724709852106,
                    2.766011157945618
                ],
                [
                    0.664498102010007,
                    -0.17927777371873577,
                    0.7254665755744759,
                    2.459107143064213
                ],
                [
                    -0.06223412195272929,
                    0.95414819680934,
                    0.29279366905548965,
                    1.18271162794281
                ],
                [
                    0.0,
                    0.0,
                    0.0,
                    1.0
                ]
            ]
        },
        {
            "file_path": "images/0037.jpg",
            "sharpness": 137.66179144582748,
            "transform_matrix": [
                [
                    0.7152476280722952,
                    0.23774875196308703,
                    -0.6571882238183083,
                    -3.1473135356092805
                ],
                [
                    -0.6988159724907209,
                    0.25511286201985794,
                    -0.6682616734663821,
                    -2.327222851456323
                ],
                [
                    0.008778789812639326,
                    0.9372262046154936,
                    0.34861149476197817,
                    1.358164923686021
                ],
                [
                    0.0,
                    0.0,
                    0.0,
                    1.0
                ]
            ]
        },
        {
            "file_path": "images/0094.jpg",
            "sharpness": 164.41341860269503,
            "transform_matrix": [
                [
                    -0.43899456829691996,
                    -0.301902987386556,
                    0.8462495821336558,
                    3.4353913553377082
                ],
                [
                    0.8960414363520555,
                    -0.07762239154498646,
                    0.4371321409724835,
                    1.1644594943198139
                ],
                [
                    -0.06628358283311409,
                    0.9501733266022915,
                    0.3045933947232919,
                    1.2332542617414755
                ],
                [
                    0.0,
                    0.0,
                    0.0,
                    1.0
                ]
            ]
        },
        {
            "file_path": "images/0069.jpg",
            "sharpness": 108.68904313071448,
            "transform_matrix": [
                [
                    -0.9171726410508024,
                    0.09254175505197437,
                    -0.38759562707583456,
                    -1.1246113998345897
                ],
                [
                    -0.39775799455034555,
                    -0.27153645204723775,
                    0.8763883459865781,
                    3.7358732795716003
                ],
                [
                    -0.024143825760501336,
                    0.957968673196822,
                    0.2858550277673724,
                    1.1216974844220247
                ],
                [
                    0.0,
                    0.0,
                    0.0,
                    1.0
                ]
            ]
        }
    ]
}