{
    "camera_angle_x": 1.2520888748273755,
    "camera_angle_y": 0.8203503224061814,
    "fl_x": 885.1102697524382,
    "fl_y": 827.8917268024917,
    "k1": 0.02971262820254373,
    "k2": -0.06691994881037448,
    "k3": 0,
    "k4": 0,
    "p1": 0.0007957245689527392,
    "p2": -0.0013949058063028054,
    "is_fisheye": false,
    "cx": 638.2635471617372,
    "cy": 364.55563892566636,
    "w": 1280.0,
    "h": 720.0,
    "aabb_scale": 16,
    "frames": [
        {
            "file_path": "images/0114.jpg",
            "sharpness": 335.7805430959903,
            "transform_matrix": [
                [
                    -0.0374457553979534,
                    -0.28828778125595694,
                    0.956811355819678,
                    3.6469704361943354
                ],
                [
                    0.9975667577917193,
                    0.04556314971052237,
                    0.05276895998161877,
                    -0.40431098772760243
                ],
                [
                    -0.05880798544222513,
                    0.9564591756114117,
                    0.2858801606992528,
                    1.1585871101132563
                ],
                [
                    0.0,
                    0.0,
                    0.0,
                    1.0
                ]
            ]
        },
        {
            "file_path": "images/0053.jpg",
            "sharpness": 178.09807891268784,
            "transform_matrix": [
                [
                    0.1020723641807181,
                    0.28574709894642053,
                    -0.9528535186263204,
                    -3.927218617822269
                ],
                [
                    -0.9947633553263877,
                    0.03433211857546881,
                    -0.09626615466546379,
                    0.1608521944792821
                ],
                [
                    0.005205705564147806,
                    0.9576898773205638,
                    0.28775510343305355,
                    1.115980504988772
                ],
                [
                    0.0,
                    0.0,
                    0.0,
                    1.0
                ]
            ]
        },
        {
            "file_path": "images/0082.jpg",
            "sharpness": 105.78407222873898,
            "transform_matrix": [
                [
                    -0.9970352177218081,
                    -0.010850153569039622,
                    -0.07617774500634336,
                    0.18898324648562023
                ],
                [
                    -0.07060688281523021,
                    -0.26450471058057534,
                    0.9617961978402548,
                    3.8803360405233995
                ],
                [
                    -0.03058500884426893,
                    0.9643233546324571,
                    0.2629544161805713,
                    1.0366602814659513
                ],
                [
                    0.0,
                    0.0,
                    0.0,
                    1.0
                ]
            ]
        },
        {
            "file_path": "images/0026.jpg",
            "sharpness": 98.07800886314179,
            "transform_matrix": [
                [
                    0.996347031695381,
                    -0.0024614618526848098,
                    0.08536119540896533,
                    -0.3523058972059813
                ],
                [
                    0.08181439498664052,
                    0.31399164948437663,
                    -0.9458941002179992,
                    -3.8185983339206655
                ],
                [
                    -0.024474420304053057,
                    0.949422553608098,
                    0.3130460309531553,
                    1.2497551372401896
                ],
                [
                    0.0,
                    0.0,
                    0.0,
                    1.0
                ]
            ]
        },
        {
            "file_path": "images/0067.jpg",
            "sharpness": 166.74194321923787,
            "transform_matrix": [
                [
                    -0.6396435391552515,
                    0.20003834691289615,
                    -0.7421865012418354,
                    -2.6548997629905653
                ],
                [
                    -0.7686217784008896,
                    -0.17745063854233487,
                    0.6145989201495069,
                    2.863713408121966
                ],
                [
                    -0.00875811656170672,
                    0.9635849369350598,
                    0.2672589844151427,
                    1.0376852488840325
                ],
                [
                    0.0,
                    0.0,
                    0.0,
                    1.0
                ]
            ]
        },
        {
            "file_path": "images/0096.jpg",
            "sharpness": 174.53210827325773,
            "transform_matrix": [
                [
                    -0.7522256185143658,
                    -0.2131388500878193,
                    0.623480913483499,
                    2.820229425869369
                ],
                [
                    0.6569560660068328,
                    -0.16986944548674401,
                    0.7345427821624957,
                    2.531595100347252
                ],
                [
                    -0.050649246885411336,
                    0.9621414667899129,
                    0.26780300916487226,
                    1.0777522029202469
                ],
                [
                    0.0,
                    0.0,
                    0.0,
                    1.0
                ]
            ]
        },
        {
            "file_path": "images/0040.jpg",
            "sharpness": 143.64402880110444,
            "transform_matrix": [
                [
                    0.7599257734491391,
                    0.20198813552056766,
                    -0.6178297597242692,
                    -3.006730108473351
                ],
                [
                    -0.6500098350561065,
                    0.23587764228294683,
                    -0.7223911351903057,
                    -2.5451556401831854
                ],
                [
                    -0.00018221145767613467,
                    0.9505590623534217,
                    0.31054377440424275,
                    1.2086745110261639
                ],
                [
                    0.0,
                    0.0,
                    0.0,
                    1.0
                ]
            ]
        },
        {
            "file_path": "images/0012.jpg",
            "sharpness": 201.51818347318672,
            "transform_matrix": [
                [
                    0.6494782223253771,
                    -0.19803791853301883,
                    0.7341382850611141,
                    2.397062800897529
                ],
                [
                    0.7587382261489539,
                    0.23220402642846869,
                    -0.6086029857722635,
                    -2.8535062511861673
                ],
                [
                    -0.049943397231162145,
                    0.9522931654565915,
                    0.3010703973195305,
                    1.2249547188233059
                ],
                [
                    0.0,
                    0.0,
                    0.0,
                    1.0
                ]
            ]
        },
        {
            "file_path": "images/0103.jpg",
            "sharpness": 206.88058815900894,
            "transform_matrix": [
                [
                    -0.437534330976743,
                    -0.27152592029500866,
                    0.8572265650742391,
                    3.535352196260522
                ],
                [
                    0.8974354117485078,
                    -0.0721365788734312,
                    0.4352079913425211,
                    1.1733154740626814
                ],
                [
                    -0.056332858645141794,
                    0.9597239127169411,
                    0.27523920585668127,
                    1.1101617345476482
                ],
                [
                    0.0,
                    0.0,
                    0.0,
                    1.0
                ]
            ]
        },
        {
            "file_path": "images/0060.jpg",
            "sharpness": 181.13359525123767,
            "transform_matrix": [
                [
                    -0.27980977306912186,
                    0.2663244287116333,
                    -0.9223761649190231,
                    -3.583510201529844
                ],
                [
                    -0.9600549931898816,
                    -0.07667078885934565,
                    0.2691022114123734,
                    1.5915200246727061
                ],
                [
                    0.0009491845300381441,
                    0.9608292714375373,
                    0.2771393336248106,
                    1.0707364177397822
                ],
                [
                    0.0,
                    0.0,
                    0.0,
                    1.0
                ]
            ]
        }
    ]
}