{
    "camera_angle_x": 1.218830695534339,
    "camera_angle_y": 0.8109003599491403,
    "fl_x": 916.8411206906108,
    "fl_y": 838.706212206114,
    "k1": 0.06483576641000366,
    "k2": -0.09165939615143873,
    "k3": 0,
    "k4": 0,
    "p1": 0.0026120148105790056,
    "p2": -0.0016406989908586114,
    "is_fisheye": false,
    "cx": 637.6071337901524,
    "cy": 365.4608828165289,
    "w": 1280.0,
    "h": 720.0,
    "aabb_scale": 16,
    "frames": [
        {
            "file_path": "images/0082.jpg",
            "sharpness": 65.43913503408427,
            "transform_matrix": [
                [
                    -0.9986849968209641,
                    -0.01878724146016353,
                    -0.04770028019285655,
                    0.28729158277560424
                ],
                [
                    -0.04039872642216311,
                    -0.28443696860107803,
                    0.9578431780811663,
                    3.8612820425045298
                ],
                [
                    -0.031562954167059565,
                    0.9585106418267436,
                    0.2833039524551561,
                    1.1220511860056133
                ],
                [
                    0.0,
                    0.0,
                    0.0,
                    1.0
                ]
            ]
        },
        {
            "file_path": "images/0026.jpg",
            "sharpness": 103.37325725790895,
            "transform_matrix": [
                [
                    0.9957749768074994,
                    -0.010622133573213788,
                    0.0912105579953632,
                    -0.27739535350143407
                ],
                [
                    0.08937829793439725,
                    0.3399692041493198,
                    -0.9361797157002284,
                    -3.7785790280854554
                ],
                [
                    -0.02106455482299774,
                    0.9403765791163188,
                    0.33948221459625866,
                    1.351554992908423
                ],
                [
                    0.0,
                    0.0,
                    0.0,
                    1.0
                ]
            ]
        },
        {
            "file_path": "images/0054.jpg",
            "sharpness": 189.91821828731963,
            "transform_matrix": [
                [
                    0.06374600092214515,
                    0.30654365899088093,
                    -0.9497196599767558,
                    -3.8237263492453764
                ],
                [
                    -0.9979379110943396,
                    0.026739975343680084,
                    -0.05835151514242491,
                    0.24141911415857045
                ],
                [
                    0.007508193331765918,
                    0.9514809293405087,
                    0.30761610520549176,
                    1.1794590551212647
                ],
                [
                    0.0,
                    0.0,
                    0.0,
                    1.0
                ]
            ]
        },
        {
            "file_path": "images/0109.jpg",
            "sharpness": 227.3540046790499,
            "transform_matrix": [
                [
                    -0.05445706652925525,
                    -0.3125655453626338,
                    0.9483339115546994,
                    3.756811127613273
                ],
                [
                    0.9971787700740163,
                    0.032114372157449216,
                    0.06784664777818472,
                    -0.24706617601886843
                ],
                [
                    -0.05166167262901199,
                    0.9493531729554399,
                    0.30993487159110195,
                    1.2776221265828491
                ],
                [
                    0.0,
                    0.0,
                    0.0,
                    1.0
                ]
            ]
        },
        {
            "file_path": "images/0068.jpg",
            "sharpness": 154.94621711968318,
            "transform_matrix": [
                [
                    -0.6774288115322851,
                    0.2060912566327185,
                    -0.7061278915982224,
                    -2.5037452534665485
                ],
                [
                    -0.7355453586361571,
                    -0.2001626372227951,
                    0.6472309819909388,
                    2.9406034699467263
                ],
                [
                    -0.007951774588731197,
                    0.9578420081856038,
                    0.28718540471869547,
                    1.11523032090667
                ],
                [
                    0.0,
                    0.0,
                    0.0,
                    1.0
                ]
            ]
        },
        {
            "file_path": "images/0040.jpg",
            "sharpness": 108.35915901471247,
            "transform_matrix": [
                [
                    0.7573501478507793,
                    0.21461129630277442,
                    -0.6167355552399214,
                    -2.9161493628415065
                ],
                [
                    -0.6530023372090045,
                    0.25316673978996956,
                    -0.713788868968848,
                    -2.528834316085343
                ],
                [
                    0.002949775376752034,
                    0.9433178644593595,
                    0.3318775458879992,
                    1.2816253367554051
                ],
                [
                    0.0,
                    0.0,
                    0.0,
                    1.0
                ]
            ]
        },
        {
            "file_path": "images/0096.jpg",
            "sharpness": 123.67431308036969,
            "transform_matrix": [
                [
                    -0.7370306339234299,
                    -0.23227957610432276,
                    0.6346905098003843,
                    2.8572470014699247
                ],
                [
                    0.6739081085513722,
                    -0.18126451616946038,
                    0.7162339257579856,
                    2.488103296348677
                ],
                [
                    -0.0513196444902852,
                    0.9556094253139582,
                    0.2901325910477799,
                    1.1737814285741297
                ],
                [
                    0.0,
                    0.0,
                    0.0,
                    1.0
                ]
            ]
        },
        {
            "file_path": "images/0012.jpg",
            "sharpness": 190.56240450163952,
            "transform_matrix": [
                [
                    0.6655483681068283,
                    -0.21579007101561629,
                    0.7144788415403649,
                    2.2891513442547033
                ],
                [
                    0.7450429026144718,
                    0.24882125256861884,
                    -0.6188691764291695,
                    -2.824034701731606
                ],
                [
                    -0.04423169675482283,
                    0.9442047604019094,
                    0.32637543946219905,
                    1.3065102766585477
                ],
                [
                    0.0,
                    0.0,
                    0.0,
                    1.0
                ]
            ]
        },
        {
            "file_path": "images/0047.jpg",
            "sharpness": 148.75202255519818,
            "transform_matrix": [
                [
                    0.44308377712398506,
                    0.28459994215926443,
                    -0.8501056636794833,
                    -3.670579754613434
                ],
                [
                    -0.8964263847990763,
                    0.15104569271408733,
                    -0.41665925568588036,
                    -1.2473540431809294
                ],
                [
                    0.009823598782312842,
                    0.946672103572387,
                    0.32204879330992225,
                    1.238242000659984
                ],
                [
                    0.0,
                    0.0,
                    0.0,
                    1.0
                ]
            ]
        },
        {
            "file_path": "images/0033.jpg",
            "sharpness": 99.8229249062432,
            "transform_matrix": [
                [
                    0.9507790687557367,
                    0.1122128039567104,
                    -0.2888381018695349,
                    -1.740440753147037
                ],
                [
                    -0.3097728423335995,
                    0.3209064035293292,
                    -0.8950194781827749,
                    -3.426650217549553
                ],
                [
                    -0.0077426487695703705,
                    0.9404399857752317,
                    0.33987157073326146,
                    1.344366220250324
                ],
                [
                    0.0,
                    0.0,
                    0.0,
                    1.0
                ]
            ]
        }
    ]
}